1098.470000 0.042256 0.155516 -10.032600
1108.470000 0.042822 0.157509 -9.907900
1118.470000 0.042933 0.157899 -9.782010
1128.470000 0.041217 0.151855 -9.654970
1138.470000 0.044611 0.163801 -9.526750
1148.470000 0.049114 0.179587 -9.397380
1158.470000 0.047074 0.172444 -9.266850
1168.470000 0.034888 0.129466 -9.135150
1178.470000 0.029502 0.110274 -9.002270
1188.470000 0.030294 0.113105 -8.868240
1198.470000 0.036187 0.134077 -8.733050
1208.470000 0.036988 0.136915 -8.596680
1218.470000 0.044278 0.162630 -8.459150
1228.470000 0.049336 0.180362 -8.320470
1238.470000 0.045346 0.166381 -8.180620
1248.470000 0.042893 0.157759 -8.039600
1258.470000 0.035710 0.132385 -7.897420
1268.470000 0.030097 0.112401 -7.754070
1278.470000 0.028152 0.105441 -7.609560
1288.470000 0.026598 0.099867 -7.463880
1298.470000 0.024435 0.092079 -7.317050
1308.470000 0.029917 0.111759 -7.169040
1318.470000 0.037432 0.138487 -7.019870
1328.470000 0.031650 0.117946 -6.869540
1338.470000 0.030603 0.114210 -6.718030
1348.470000 0.025594 0.115438 -6.565370
1358.470000 0.014658 0.060675 -6.411540
1368.470000 0.025280 0.081870 -6.256560
1378.470000 0.016967 0.096315 -6.100400
1388.470000 0.019769 0.065671 -5.943090
1398.470000 0.022784 0.060579 -5.784590
1408.470000 0.023199 0.072971 -5.624950
1418.470000 0.020209 0.060297 -5.464140
1428.470000 0.010136 0.043254 -5.302160
1438.470000 0.016980 0.054536 -5.139020
1448.470000 0.014812 0.056446 -4.974720
1458.470000 0.012923 0.052094 -4.809240
1468.470000 0.011207 0.054050 -4.642610
1478.470000 0.008589 0.037205 -4.474810
1488.470000 0.006270 0.028598 -4.305850
1498.470000 0.007218 0.028937 -4.135710
1508.470000 0.006868 0.028519 -3.964420
1518.470000 0.009947 0.029323 -3.791960
1528.470000 0.014885 0.055080 -3.618350
1538.470000 0.017482 0.065302 -3.443560
1548.470000 0.023893 0.077212 -3.267610
1558.470000 0.015135 0.046885 -3.090500
1568.470000 0.014357 0.064653 -2.912220
1578.470000 0.016312 0.063007 -2.732770
1588.470000 0.013377 0.065508 -2.552170
1598.470000 0.011675 0.029713 -2.370390
1608.470000 0.010891 0.043043 -2.187450
1618.470000 0.012090 0.047685 -2.003360
1628.470000 0.017221 0.059799 -1.818080
1638.470000 0.008702 0.040506 -1.631650
1648.470000 0.008028 0.025007 -1.444060
1658.470000 0.006413 0.027220 -1.255310
1668.470000 0.004931 0.021963 -1.065380
1678.470000 0.005597 0.027425 -0.874298
1688.470000 0.006248 0.023666 -0.682053
1698.470000 0.005853 0.038419 -0.488632
1708.470000 0.011000 0.036282 -0.294052
1718.470000 0.014045 0.046678 -0.098297
1728.470000 0.015566 0.048215 0.098602
1738.470000 0.019444 0.045195 0.296677
1748.470000 0.010518 0.049199 0.495911
1758.470000 0.007776 0.043324 0.696320
1768.470000 0.010644 0.036819 0.897888
1778.470000 0.007765 0.029119 1.100620
1788.470000 0.007426 0.026595 1.304520
1798.470000 0.006139 0.031396 1.509570
1808.470000 0.004339 0.021157 1.715810
1818.470000 0.005882 0.023290 1.923190
1828.470000 0.006850 0.027171 2.131740
1838.470000 0.009161 0.030815 2.341460
1848.470000 0.010024 0.038387 2.552340
1858.470000 0.009717 0.052919 2.764390
1868.470000 0.015909 0.037608 2.977600
1878.470000 0.011120 0.047111 3.191970
1888.470000 0.006684 0.025552 3.407520
1898.470000 0.005475 0.024803 3.624220
1908.470000 0.007699 0.028487 3.842090
1918.470000 0.004332 0.022000 4.061110
1928.470000 0.005162 0.021828 4.281310
1938.470000 0.006478 0.030481 4.502670
1948.470000 0.007810 0.031948 4.725210
1958.470000 0.013178 0.043513 4.948900
1968.470000 0.010427 0.051787 5.173750
1978.470000 0.016353 0.045630 5.399770
1988.470000 0.022097 0.103522 5.626960
1998.470000 0.039754 0.125575 5.855300
2008.470000 0.019504 0.097149 6.084810
2018.470000 0.020361 0.081701 6.315490
2028.470000 0.032662 0.115475 6.547340
2038.470000 0.040505 0.137953 6.780340
2048.470000 0.028713 0.155949 7.014510
2058.470000 0.041686 0.162278 7.249850
2068.470000 0.037383 0.111804 7.486340
2078.470000 0.022867 0.082492 7.724000
2088.470000 0.011817 0.043949 7.962830
2098.470000 0.006213 0.020310 8.202820
2108.470000 0.004960 0.018375 8.443990
2118.470000 0.006683 0.028730 8.686300
2128.470000 0.006192 0.033015 8.929780
2138.470000 0.006654 0.023326 9.174440
2148.470000 0.004096 0.017624 9.420240
2158.470000 0.006206 0.018837 9.667220
2168.470000 0.008291 0.030967 9.915380
2178.470000 0.011101 0.036292 10.164700
2188.470000 0.008093 0.031711 10.415100
2198.470000 0.010084 0.034280 10.666800
2208.470000 0.008699 0.035143 10.919600
2218.470000 0.006346 0.020614 11.173600
2228.470000 0.006704 0.021909 11.428700
2238.470000 0.005172 0.018234 11.685000
2248.470000 0.004984 0.019898 11.942400
2258.470000 0.004617 0.018257 12.201100
2268.470000 0.004634 0.013947 12.460800
2278.470000 0.003441 0.015382 12.721800
2288.470000 0.003475 0.013449 12.983900
2298.470000 0.002806 0.013347 13.247200
2308.470000 0.003156 0.012019 13.511600
2318.470000 0.004385 0.015823 13.777200
2328.470000 0.004153 0.017747 14.044000
2338.470000 0.004647 0.018804 14.312000
2348.470000 0.011076 0.029335 14.581100
2358.470000 0.012810 0.038437 14.851300
2368.470000 0.009617 0.028622 15.122800
2378.470000 0.005887 0.029858 15.395300
2388.470000 0.006835 0.022601 15.669100
2398.470000 0.004694 0.022777 15.944000
2408.470000 0.004101 0.018057 16.220100
2418.470000 0.004292 0.017785 16.497400
2428.470000 0.003729 0.012522 16.775800
2438.470000 0.003961 0.012787 17.055400
2448.470000 0.003566 0.014058 17.336100
2458.470000 0.002668 0.009973 17.618000
2468.470000 0.003920 0.014144 17.901100
2478.470000 0.003216 0.011301 18.185400
2488.470000 0.003336 0.016773 18.470800
2498.470000 0.003951 0.017990 18.757300
2508.470000 0.005662 0.021088 19.045100
2518.470000 0.005500 0.019683 19.333900
2528.470000 0.005408 0.022229 19.624000
2538.470000 0.004702 0.022680 19.915200
2548.470000 0.008138 0.030922 20.207600
2558.470000 0.005926 0.023241 20.501200
2568.470000 0.003875 0.018093 20.795900
2578.470000 0.005725 0.019026 21.091800
2588.470000 0.007889 0.031215 21.388800
2598.470000 0.005533 0.022232 21.687000
2608.470000 0.004550 0.018437 21.986400
2618.470000 0.003576 0.014642 22.286900
2628.470000 0.002858 0.011815 22.588700
2638.470000 0.002386 0.009941 22.891500
2648.470000 0.002218 0.009269 23.195600
2658.470000 0.002573 0.010687 23.500700
2668.470000 0.002754 0.011404 23.807100
2678.470000 0.002922 0.012067 24.114600
2688.470000 0.003083 0.012706 24.423400
2698.470000 0.002580 0.010713 24.732200
2708.470000 0.002047 0.008586 25.041000
2718.470000 0.002641 0.010956 25.349800
2728.470000 0.005677 0.022786 25.658600
2738.470000 0.014337 0.055284 25.967400
2748.470000 0.023892 0.090122 26.276200
2758.470000 0.027146 0.101835 26.585000
2768.470000 0.033093 0.123085 26.893800
2778.470000 0.041300 0.152149 27.202600
2788.470000 0.034163 0.126893 27.511400
2798.470000 999.000000 0.119694 27.820200
